714860379
394164265
1191589680
516466289
120174693
-1352151634
-1387714152
-494184967
1869269879
1666920273
1440347800
1565769029
-1196922450
1954409007
-1380101365
-941535956
1915332065
2068424293
1547741328
840245371
-481585257
-1485638834
1687104206
-1450942117
1095362631
-1153627826
-1952368918
1479056817
-1855155863
1603418871
373779461
1961836817
-1139368624
-254560297
1823295870
-1342252174
614238441
865151557
-1004074735
1323071978
2005879403
-1469975432
-922768983
1042717568
819163233
-996098882
1679271319
934661513
918235895
362523901
2007709416
-26501316
2071197023
-1061881348
-481960956
-658800415
1887172624
1370808833
-23314293
-880271561
-1358698731
0
0
0
0
